315.706611570248          191.409090909091
           335.54132231405          187.442148760331
          353.392561983471           184.46694214876
          369.260330578512                     180.5
          316.698347107438          224.136363636364
           334.54958677686          218.185950413223
          352.400826446281          215.210743801653
          367.276859504132          211.243801652893
          315.706611570248          255.871900826446
           334.54958677686          248.929752066116
          352.400826446281          243.971074380165
          366.285123966942          239.012396694215
          316.698347107438          285.623966942149
           333.55785123967          279.673553719008
          351.409090909091          272.731404958678
          366.285123966942          266.780991735537
          450.582644628099                     180.5
          480.334710743802           183.47520661157
          510.086776859504           186.45041322314
          539.838842975207          188.433884297521
          449.590909090909          207.276859504132
          478.351239669422          212.235537190083
          507.111570247934          215.210743801653
          537.855371900827          218.185950413223
          447.607438016529          237.028925619835
          476.367768595041          240.004132231405
          505.128099173554          242.979338842975
          534.880165289256          245.954545454545
          445.623966942149          263.805785123967
          473.392561983471          265.789256198347
          503.144628099174          270.747933884297
          532.896694214876          274.714876033058