165.954545454545          133.888429752066
          203.640495867769          125.954545454545
          241.326446280992          120.004132231405
          275.045454545455          114.053719008264
          177.855371900826          169.590909090909
          213.557851239669          160.665289256198
          248.268595041322          154.714876033058
          280.995867768595          147.772727272727
          185.789256198347          205.293388429752
           222.48347107438          195.376033057851
          255.210743801653          188.433884297521
          288.929752066116           179.50826446281
          195.706611570248          237.028925619835
          230.417355371901          227.111570247934
          263.144628099174          218.185950413223
          294.880165289256          211.243801652893
          371.243801652893          103.144628099173
          390.086776859504          105.128099173554
          409.921487603306          106.119834710744
          429.756198347108          108.103305785124
          377.194214876033          139.838842975207
          395.045454545455          141.822314049587
          413.888429752066          145.789256198347
          434.714876033058          148.764462809917
          382.152892561984          172.566115702479
          399.012396694215           177.52479338843
          417.855371900826           182.48347107438
          439.673553719008          189.425619834711
          386.119834710744          207.276859504132
          403.971074380165          212.235537190083
          423.805785123967          219.177685950413
          443.640495867769          228.103305785124